0.18140589569160998 0.015308712 
0.22675736961451248 0.4573304 
0.4308390022675737 3.2178624 
0.6349206349206349 15.23368 
0.6802721088435374 11.286561 
0.8390022675736961 11.992684 
0.9523809523809523 21.96749 
0.997732426303855 15.575908 
1.1337868480725624 0.47747073 
1.2925170068027212 25.834087 
1.383219954648526 17.422842 
1.4965986394557824 19.232937 
1.5419501133786848 18.134151 
1.7233560090702948 12.300748 
1.8594104308390023 0.12170912 
1.9727891156462587 0.07579472 
2.0634920634920637 55.487446 
2.2448979591836733 65.90909 
2.290249433106576 36.738773 
2.403628117913832 21.088873 
2.4489795918367347 19.249168 
2.6077097505668934 0.114932895 
2.7437641723356005 0.021738034 
2.8117913832199544 36.70475 
3.0158730158730163 65.21746 
3.1065759637188206 67.92706 
3.560090702947846 30.056543 
3.854875283446712 12.578886 
