0.22675736961451248 0.4573304 
0.4308390022675737 3.2178624 
0.45351473922902497 4.361364 
0.4988662131519275 11.48434 
0.6349206349206349 15.23368 
0.7709750566893424 12.07592 
0.7936507936507936 13.065497 
0.8390022675736961 11.992684 
0.9523809523809523 21.96749 
0.997732426303855 15.575908 
1.2925170068027212 25.834087 
1.3378684807256236 14.201097 
1.383219954648526 17.422842 
1.4965986394557824 19.232937 
1.5419501133786848 18.134151 
2.0634920634920637 55.487446 
2.0861678004535147 31.277937 
2.131519274376417 34.051117 
2.1541950113378685 31.824842 
2.2448979591836733 65.90909 
2.8117913832199544 36.70475 
2.857142857142857 16.936146 
2.9024943310657596 31.573385 
3.0158730158730163 65.21746 
3.061224489795918 58.42643 
3.1065759637188206 67.92706 
3.560090702947846 30.056543 
3.5827664399092973 45.90701 
3.6054421768707483 31.214159 
