0.06802721088435373 0.01050353 
0.11337868480725624 0.0077161817 
0.13605442176870747 0.008129803 
0.18140589569160998 0.015308712 
0.22675736961451248 0.4573304 
0.31746031746031744 0.004681996 
0.4308390022675737 3.2178624 
0.45351473922902497 4.361364 
0.4988662131519275 11.48434 
0.5442176870748299 8.688602 
0.5895691609977325 11.403073 
0.6349206349206349 15.23368 
0.6802721088435374 11.286561 
0.7029478458049886 6.941438 
0.7256235827664399 6.4005475 
0.7709750566893424 12.07592 
0.7936507936507936 13.065497 
0.8163265306122449 4.4360075 
0.8390022675736961 11.992684 
0.8843537414965986 2.571565 
0.9297052154195011 8.529503 
0.9523809523809523 21.96749 
0.997732426303855 15.575908 
1.2925170068027212 25.834087 
1.3378684807256236 14.201097 
1.3605442176870748 5.082172 
1.383219954648526 17.422842 
1.4285714285714286 8.787682 
1.4739229024943312 12.550469 
1.4965986394557824 19.232937 
1.5419501133786848 18.134151 
1.5873015873015872 11.469199 
1.6326530612244898 10.102195 
1.6780045351473922 12.832425 
1.7233560090702948 12.300748 
1.746031746031746 2.7483895 
2.0634920634920637 55.487446 
2.0861678004535147 31.277937 
2.131519274376417 34.051117 
2.1541950113378685 31.824842 
2.1768707482993195 20.288319 
2.2222222222222223 11.162398 
2.2448979591836733 65.90909 
2.290249433106576 36.738773 
2.35827664399093 11.906444 
2.403628117913832 21.088873 
2.4489795918367347 19.249168 
2.8117913832199544 36.70475 
2.857142857142857 16.936146 
2.8798185941043086 20.625458 
2.9024943310657596 31.573385 
2.9705215419501134 17.646835 
3.0158730158730163 65.21746 
3.061224489795918 58.42643 
3.1065759637188206 67.92706 
3.1746031746031744 27.146297 
3.2199546485260773 19.86704 
3.560090702947846 30.056543 
3.5827664399092973 45.90701 
3.6054421768707483 31.214159 
3.650793650793651 12.896938 
3.6734693877551017 15.543571 
3.764172335600907 10.32751 
3.7868480725623583 15.084918 
3.8095238095238093 5.6556573 
3.854875283446712 12.578886 
3.8775510204081636 11.079615 
