0.0 0.0 
0.0 0.0 
0.022675736961451247 0.02009906 
0.022675736961451247 0.106200136 
0.045351473922902494 0.16907229 
0.045351473922902494 0.279218 
0.06802721088435373 0.01050353 
0.06802721088435373 0.005543232 
0.09070294784580499 0.01567893 
0.09070294784580499 0.017128695 
0.11337868480725624 0.0077161817 
0.11337868480725624 0.0032695418 
0.13605442176870747 0.013986128 
0.13605442176870747 0.008129803 
0.15873015873015872 0.0026236386 
0.15873015873015872 0.02289542 
0.18140589569160998 0.015308712 
0.18140589569160998 0.007852055 
0.20408163265306123 0.04210712 
0.20408163265306123 0.04486021 
0.22675736961451248 0.6471229 
0.22675736961451248 0.4573304 
0.24943310657596374 0.18644744 
0.24943310657596374 0.08939223 
0.27210884353741494 0.025254117 
0.27210884353741494 0.013295258 
0.29478458049886624 0.010121443 
0.29478458049886624 0.004164321 
0.31746031746031744 0.0067734984 
0.31746031746031744 0.004681996 
0.3401360544217687 0.0047659036 
0.3401360544217687 0.0057735303 
0.36281179138321995 0.013955923 
0.36281179138321995 0.055303503 
0.3854875283446712 0.13483746 
0.3854875283446712 0.21356225 
0.40816326530612246 1.9761751 
0.40816326530612246 5.6759 
0.4308390022675737 3.2178624 
0.4308390022675737 4.4782834 
0.45351473922902497 4.361364 
0.45351473922902497 5.903303 
0.47619047619047616 9.703187 
0.47619047619047616 13.064335 
0.4988662131519275 22.066715 
0.4988662131519275 11.48434 
0.5215419501133787 12.049246 
0.5215419501133787 19.413736 
0.5442176870748299 30.571825 
0.5442176870748299 8.688602 
0.5668934240362812 8.69466 
0.5668934240362812 23.154676 
0.5895691609977325 11.403073 
0.5895691609977325 5.6321483 
0.6122448979591837 5.7955365 
0.6122448979591837 15.881044 
0.6349206349206349 15.23368 
0.6349206349206349 2.4054801 
0.6575963718820862 6.3605413 
0.6575963718820862 11.731588 
0.6802721088435374 11.286561 
0.6802721088435374 3.306224 
0.7029478458049886 9.503449 
0.7029478458049886 6.941438 
0.7256235827664399 7.333392 
0.7256235827664399 6.4005475 
0.7482993197278912 7.097803 
0.7482993197278912 16.654291 
0.7709750566893424 25.239151 
0.7709750566893424 12.07592 
0.7936507936507936 13.960288 
0.7936507936507936 13.065497 
0.8163265306122449 14.387868 
0.8163265306122449 4.4360075 
0.8390022675736961 12.800572 
0.8390022675736961 11.992684 
0.8616780045351474 2.910718 
0.8616780045351474 13.294281 
0.8843537414965986 14.573825 
0.8843537414965986 2.571565 
0.9070294784580499 14.915532 
0.9070294784580499 18.597343 
0.9297052154195011 8.529503 
0.9297052154195011 11.129424 
0.9523809523809523 24.226847 
0.9523809523809523 21.96749 
0.9750566893424036 6.04526 
0.9750566893424036 11.3305855 
0.997732426303855 19.444006 
0.997732426303855 15.575908 
1.0204081632653061 6.7188134 
1.0204081632653061 2.2467806 
1.0430839002267573 8.925054 
1.0430839002267573 0.6076655 
1.0657596371882085 0.1732514 
1.0657596371882085 0.03791589 
1.0884353741496597 0.011240578 
1.0884353741496597 0.21444388 
1.1111111111111112 0.07580165 
1.1111111111111112 0.5535336 
1.1337868480725624 0.7082556 
1.1337868480725624 0.47747073 
1.1564625850340136 0.33464915 
1.1564625850340136 0.25363404 
1.179138321995465 0.1941712 
1.179138321995465 0.017401427 
1.201814058956916 0.018142488 
1.201814058956916 0.018069569 
1.2244897959183674 0.033824928 
1.2244897959183674 0.019049983 
1.2471655328798186 0.033607017 
1.2471655328798186 0.5681516 
1.2698412698412698 7.0353565 
1.2698412698412698 48.111305 
1.2925170068027212 25.834087 
1.2925170068027212 23.014513 
1.3151927437641724 17.351593 
1.3151927437641724 29.016697 
1.3378684807256236 14.201097 
1.3378684807256236 14.156679 
1.3605442176870748 20.38294 
1.3605442176870748 5.082172 
1.383219954648526 17.744055 
1.383219954648526 17.422842 
1.4058956916099772 4.7297115 
1.4058956916099772 24.436146 
1.4285714285714286 28.558725 
1.4285714285714286 8.787682 
1.4512471655328798 17.947397 
1.4512471655328798 25.141232 
1.4739229024943312 12.550469 
1.4739229024943312 7.4569077 
1.4965986394557824 22.364916 
1.4965986394557824 19.232937 
1.5192743764172334 9.1995325 
1.5192743764172334 8.281082 
1.5419501133786848 18.574266 
1.5419501133786848 18.134151 
1.564625850340136 4.3670087 
1.564625850340136 13.157238 
1.5873015873015872 19.81766 
1.5873015873015872 11.469199 
1.6099773242630386 5.4152064 
1.6099773242630386 18.52937 
1.6326530612244898 20.819088 
1.6326530612244898 10.102195 
1.655328798185941 10.222096 
1.655328798185941 24.370203 
1.6780045351473922 25.774895 
1.6780045351473922 12.832425 
1.7006802721088434 8.352484 
1.7006802721088434 13.953504 
1.7233560090702948 12.300748 
1.7233560090702948 22.607368 
1.746031746031746 2.7483895 
1.746031746031746 2.5447848 
1.7687074829931972 0.18899554 
1.7687074829931972 0.09557475 
1.7913832199546487 0.17719984 
1.7913832199546487 0.1354457 
1.8140589569160999 0.11898141 
1.8140589569160999 0.09638388 
1.8367346938775508 0.105151795 
1.8367346938775508 0.16000992 
1.8594104308390023 0.12170912 
1.8594104308390023 0.060399514 
1.8820861678004535 0.10689709 
1.8820861678004535 0.033381987 
1.9047619047619047 0.06648331 
1.9047619047619047 0.05251959 
1.927437641723356 0.030872509 
1.927437641723356 0.045432054 
1.9501133786848073 0.026083028 
1.9501133786848073 0.023736471 
1.9727891156462587 0.121006936 
1.9727891156462587 0.07579472 
1.99546485260771 0.084930524 
1.99546485260771 0.043579668 
2.0181405895691613 0.017235765 
2.0181405895691613 0.014792659 
2.0408163265306123 0.10513883 
2.0408163265306123 10.506673 
2.0634920634920637 56.40835 
2.0634920634920637 55.487446 
2.0861678004535147 71.3835 
2.0861678004535147 31.277937 
2.1088435374149657 41.56087 
2.1088435374149657 45.684383 
2.131519274376417 34.051117 
2.131519274376417 47.14466 
2.1541950113378685 31.824842 
2.1541950113378685 40.377365 
2.1768707482993195 20.288319 
2.1768707482993195 23.142197 
2.199546485260771 38.71454 
2.199546485260771 49.65362 
2.2222222222222223 11.162398 
2.2222222222222223 53.655804 
2.2448979591836733 76.141914 
2.2448979591836733 65.90909 
2.2675736961451247 20.982386 
2.2675736961451247 21.428846 
2.290249433106576 38.117867 
2.290249433106576 36.738773 
2.312925170068027 24.302877 
2.312925170068027 4.6685114 
2.3356009070294785 27.49912 
2.3356009070294785 29.912025 
2.35827664399093 11.906444 
2.35827664399093 9.006908 
2.3809523809523814 23.206596 
2.3809523809523814 28.155766 
2.403628117913832 21.088873 
2.403628117913832 4.9115252 
2.4263038548752833 22.243013 
2.4263038548752833 28.01429 
2.4489795918367347 19.249168 
2.4489795918367347 4.807828 
2.4716553287981857 6.24712 
2.4716553287981857 8.75415 
2.494331065759637 9.249311 
2.494331065759637 1.1327916 
2.5170068027210886 0.21275201 
2.5170068027210886 0.024860388 
2.5396825396825395 0.09921659 
2.5396825396825395 0.07346836 
2.562358276643991 0.07382786 
2.562358276643991 0.12353072 
2.5850340136054424 0.07823594 
2.5850340136054424 0.1243952 
2.6077097505668934 0.114932895 
2.6077097505668934 0.07198398 
2.630385487528345 0.022660049 
2.630385487528345 0.05015574 
2.653061224489796 0.053598657 
2.653061224489796 0.012811383 
2.675736961451247 0.011696801 
2.675736961451247 0.004680544 
2.6984126984126986 0.023371004 
2.6984126984126986 0.026378324 
2.7210884353741496 0.008666853 
2.7210884353741496 0.02055049 
2.7437641723356005 0.030486664 
2.7437641723356005 0.021738034 
2.766439909297052 0.03105866 
2.766439909297052 0.17091857 
2.7891156462585034 32.100544 
2.7891156462585034 45.17877 
2.8117913832199544 36.70475 
2.8117913832199544 37.093605 
2.834467120181406 42.65963 
2.834467120181406 58.17996 
2.857142857142857 16.936146 
2.857142857142857 45.67815 
2.8798185941043086 57.93921 
2.8798185941043086 20.625458 
2.9024943310657596 40.526382 
2.9024943310657596 31.573385 
2.925170068027211 19.823095 
2.925170068027211 10.445143 
2.9478458049886624 21.09966 
2.9478458049886624 46.979088 
2.9705215419501134 56.346745 
2.9705215419501134 17.646835 
2.993197278911565 42.815086 
2.993197278911565 70.45127 
3.0158730158730163 65.21746 
3.0158730158730163 38.828453 
3.038548752834467 28.14966 
3.038548752834467 74.656456 
3.061224489795918 88.07977 
3.061224489795918 58.42643 
3.0839002267573696 12.694722 
3.0839002267573696 34.933132 
3.1065759637188206 74.72911 
3.1065759637188206 67.92706 
3.129251700680272 50.62207 
3.129251700680272 13.56172 
3.1519274376417235 42.547806 
3.1519274376417235 47.822582 
3.1746031746031744 27.146297 
3.1746031746031744 25.529549 
3.197278911564626 14.306166 
3.197278911564626 27.231682 
3.2199546485260773 19.86704 
3.2199546485260773 13.236624 
3.2426303854875282 10.774559 
3.2426303854875282 2.4223268 
3.2653061224489797 0.8100262 
3.2653061224489797 0.60274523 
3.287981859410431 0.48347008 
3.287981859410431 0.5093864 
3.310657596371882 0.16263615 
3.310657596371882 0.10160805 
3.3333333333333335 0.15577751 
3.3333333333333335 0.13115728 
3.3560090702947845 0.1336168 
3.3560090702947845 0.08578258 
3.378684807256236 0.067756966 
3.378684807256236 0.019018743 
3.401360544217687 0.04693414 
3.401360544217687 0.047709085 
3.4240362811791383 0.024605013 
3.4240362811791383 0.015105359 
3.4467120181405897 0.018866297 
3.4467120181405897 0.028868245 
3.4693877551020407 0.033292286 
3.4693877551020407 0.006900679 
3.492063492063492 0.012398459 
3.492063492063492 0.05607039 
3.5147392290249435 0.063925415 
3.5147392290249435 0.080387734 
3.5374149659863945 2.8855267 
3.5374149659863945 55.84304 
3.560090702947846 30.056543 
3.560090702947846 56.960625 
3.5827664399092973 45.90701 
3.5827664399092973 18.022547 
3.6054421768707483 70.85072 
3.6054421768707483 31.214159 
3.6281179138321997 11.358834 
3.6281179138321997 47.336082 
3.650793650793651 12.896938 
3.650793650793651 17.795145 
3.6734693877551017 15.543571 
3.6734693877551017 18.429598 
3.696145124716553 20.110477 
3.696145124716553 2.638036 
3.7188208616780045 16.951715 
3.7188208616780045 18.635254 
3.7414965986394555 18.79879 
3.7414965986394555 25.409351 
3.764172335600907 10.32751 
3.764172335600907 15.124921 
3.7868480725623583 15.084918 
3.7868480725623583 10.640978 
3.8095238095238093 12.529735 
3.8095238095238093 5.6556573 
3.8321995464852607 12.066308 
3.8321995464852607 12.9409275 
3.854875283446712 12.578886 
3.854875283446712 14.584769 
3.8775510204081636 11.079615 
3.8775510204081636 11.773337 
3.9002267573696145 15.873097 
3.9002267573696145 25.593431 
