0.0 
0.003526207 
0.012762236 
0.014456192 
0.0053503234 
0.0048207925 
0.0038949489 
0.0054974244 
0.004155592 
0.0071636946 
0.0079962965 
0.006933561 
0.0062597315 
0.0049311104 
0.005108198 
0.005474321 
0.0046167397 
0.009367063 
0.008395273 
0.008449215 
0.0135258995 
0.014629246 
0.025049997 
0.022210041 
0.20308839 
0.47763106 
2.886614 
1.7145853 
3.108766 
2.067272 
1.7180902 
0.77698964 
0.51025885 
0.2520683 
0.32661143 
0.13600135 
0.0973462 
0.0900083 
0.06621554 
0.04241553 
0.07849452 
0.05589585 
0.04544658 
0.042143468 
0.042337082 
0.026745908 
0.008450498 
0.010165243 
0.012988981 
0.26470613 
0.84130365 
1.3085476 
0.8778773 
1.2937424 
0.83570826 
0.14950295 
0.37781885 
0.7813291 
0.7888855 
0.7982911 
0.5708746 
0.5250556 
0.42665935 
0.18738773 
0.09384061 
0.1108513 
0.12967344 
0.101815395 
0.03907925 
0.043589056 
0.05364354 
0.061878644 
0.067618035 
0.14812729 
0.084410325 
0.081006445 
0.036774077 
0.03727524 
0.036521845 
0.041876532 
0.059321914 
0.0851014 
0.14333497 
0.22188778 
0.61812955 
0.69606847 
0.82161045 
0.34307808 
0.15562753 
0.050755627 
0.018021349 
0.38492632 
0.7272638 
1.693808 
1.4423553 
1.5823648 
1.281166 
1.6482108 
1.0902021 
1.0114846 
1.4369451 
0.84897745 
0.885778 
0.53886366 
1.1064495 
0.6727551 
0.58836544 
0.28722933 
0.39723408 
0.24904686 
0.09028093 
0.02339491 
0.018765068 
0.018776776 
0.023192747 
0.012172449 
0.0094549665 
0.007297865 
0.007368768 
0.022598477 
0.023897646 
0.005635348 
0.0081580095 
0.030336868 
0.0514953 
0.097084075 
0.09512566 
0.0857038 
0.038979594 
0.05146516 
0.046275698 
0.04597293 
0.020575438 
0.027207395 
0.01475136 
0.017280018 
0.02185183 
0.01903043 
0.03663126 
0.036550663 
0.029702563 
0.024448955 
0.019765928 
0.021157475 
0.009126839 
0.006901373 
0.0042360197 
0.0028208145 
0.002405224 
0.0046436507 
0.0055461433 
0.0045077805 
0.0043577654 
0.0056087077 
0.012232852 
0.009336619 
0.51802826 
8.945623 
10.574458 
4.1809154 
4.8128457 
6.6194224 
3.1077192 
6.8418493 
4.458909 
5.428499 
1.3766861 
2.5770597 
0.9660746 
0.68650883 
0.40828282 
0.38564175 
0.3155476 
